DateTime,Entries,UniqueIPs
1571485642,23,6144
1571617813,20,5120
1571714167,23,6144
1571746512,25,6656
1571859011,20,5120
1571900411,23,5888
1571957420,23,6144
1571970611,21,5632
1572014712,24,6656
1572039006,23,6144
1572071404,24,6400
1572098412,23,6144
1572109213,21,5632
1572111011,24,6400
1572114611,25,6656
1572194711,26,6912
1572197411,24,6144
1572208210,25,6400
1572262213,29,7424
1572282012,27,6912
1572298212,28,7168
1572312127,29,7424
1572330096,30,7680
1572348612,25,6400
1572366613,27,7424
1572376794,26,6912
1572383715,28,7424
1572396303,27,7168
1572406212,26,6912
1572440414,29,7680
1572443111,25,6656
1572471492,25,6656
1572478212,24,6400
1572487220,25,6656
1572550214,21,5632
1572569113,23,6144
1572576312,22,5888
1572619512,24,6400
1572640212,23,6144
1572655137,24,6400
1572702304,22,5888
1572705911,25,6656
1572712213,26,6912
1572715812,24,6400
1572792303,24,6144
1572809411,25,6400
1572816611,25,6656
1572874212,32,8448
1572881601,29,7680
1572888613,28,7424
1572910389,27,7168
1572913811,28,7424
1572954306,23,5888
1572972304,28,7168
1572979513,29,7424
1572997513,29,7680
1573010362,30,7936
1573054213,27,6912
1573062312,27,6912
1573076713,28,7168
1573081214,27,6912
1573089313,26,6656
1573133413,22,5632
1573138815,28,7168
1573146013,28,7168
1573153213,29,7424
1573162204,30,7680
1573168512,29,7424
1573224313,24,6144
1573229990,23,5888
1573237812,22,5632
1573246815,25,6400
1573248614,24,6144
1573263013,26,6656
1573310000,29,7424
1573320612,30,7680
1573329619,26,6656
1573342555,27,6912
1573347729,26,6656
1573389959,30,7680
1573396596,26,6656
1573404313,25,6400
1573412412,25,6656
1573421412,26,6912
1573426817,27,7168
1573428957,28,7424
1573433112,29,7680
1573472712,26,7168
1573479912,25,6912
1573486211,26,7168
1573495221,25,6912
1573497013,26,7168
1573502416,27,7424
1573517713,25,6912
1573518952,26,7168
1573554028,24,6656
1573566312,26,6912
1573576212,26,6912
1573583601,25,6656
1573598287,25,6656
1573605903,24,6400
1573641912,21,5632
1573656313,20,5376
1573662784,24,6400
1573671617,25,6656
1573673539,26,6912
1573686913,25,6656
1573695014,26,6912
1573743613,27,6912
1573754417,26,6656
1573761616,25,6400
1573767912,26,6656
1573818372,28,7168
1573829116,27,6912
1573851614,26,6912
1573900617,27,7168
1573905616,25,6656
1573911913,24,6400
1573914613,27,7168
1573934421,26,6912
1573944084,27,7168
1573957812,26,6912
1573983410,25,6656
1573998312,29,7680
1574001012,24,6400
1574026211,26,7168
1574081111,23,6144
1574088312,22,5888
1574091010,23,6144
1574107220,24,6400
1574127256,23,6144
1574156712,29,7680
1574168413,30,7936
1574182820,29,7680
1574188350,28,7424
1574199012,27,7168
1574207103,28,7424
1574238870,24,6144
1574243103,23,5888
1574257513,22,5632
1574261113,23,6144
1574272829,24,6400
1574343913,26,6912
1574347512,25,6656
1574352016,24,6400
1574361013,25,6656
1574376311,24,6400
1574418612,22,5632
1574433011,25,6400
1574458204,26,6656
1574483403,28,7168
1574513103,25,6400
1574541013,29,7424
1574548766,30,7680
1574556312,32,8192
1574559903,31,7936
1574605805,28,7168
1574607672,29,7424
1574625621,30,7680
1574631913,31,7936
1574635503,30,7680
1574660190,32,8192
1574685911,28,7168
1574696079,27,6912
1574703912,29,7680
1574712019,27,7168
1574727311,24,6400
1574728355,25,6656
1574779513,30,7936
1574784017,26,6912
1574794816,27,7168
1574821813,28,7424
1574865912,24,6400
1574885712,23,6144
1574947867,29,7936
1574955012,27,7168
1574973913,26,6912
1575035112,23,6144
1575038712,22,5888
1575041460,24,6656
1575053112,23,6400
1575059413,24,6656
1575064820,23,6400
1575070832,22,6144
1575117063,29,8192
1575131411,29,8192
1575151221,30,8448
1575162012,33,9216
1575200712,26,6912
1575214212,25,6656
1575218711,28,7424
1575225911,27,7168
1575233111,26,6912
1575250211,23,6144
1575286263,27,7424
1575291670,28,7680
1575297911,30,8192
1575306010,28,7680
1575307894,29,7936
1575324019,29,7680
1575336611,30,7936
1575366311,33,8704
1575369911,29,7680
1575379811,28,7168
1575387911,27,6912
1575397811,26,6656
1575412211,25,6400
1575447547,23,5888
1575459912,21,5376
1575469811,20,5120
1575477911,22,5888
1575560711,24,6656
1575583217,23,6400
1575639911,28,7680
1575649910,28,7680
1575662427,28,7424
1575675011,27,7168
1575714840,30,7936
1575718213,31,8192
1575721812,28,7168
1575737113,29,7424
1575797414,26,6656
1575804775,25,6400
1575819012,26,6912
1575823513,25,6656
1575836113,26,6912
1575841512,24,6400
1575847812,25,6656
1575855912,26,6912
1575894612,22,5888
1575901810,27,7168
1575924310,28,7424
1575931511,26,6912
1575936024,25,6656
1575937810,26,6912
1575984995,28,7168
1575988211,27,6912
1576011615,27,7168
1576024210,26,6912
1576074610,22,5888
1576093511,23,6144
1576152969,28,7424
1576158311,29,7680
1576163711,26,6912
1576169111,27,7168
1576171813,28,7424
1576179012,29,7680
1576233912,25,6400
1576240577,24,6144
1576266313,23,5888
1576277112,24,6144
1576333815,25,6656
1576341100,26,6912
1576359012,26,6912
1576363514,27,7168
1576373412,28,7424
1576409588,26,6656
1576419369,29,7424
1576434823,28,7168
1576447219,27,6912
1576473483,27,6912
1576499411,31,7936
1576515614,26,6656
1576524612,27,6912
1576538111,26,6656
1576542611,25,6400
1576586199,25,6656
1576589413,26,6912
1576600210,27,7168
1576611011,26,6912
1576661606,25,6400
1576675810,28,7424
1576683911,27,7168
1576701012,27,7168
1576710012,28,7424
1576755912,25,6656
1576772343,22,5888
1576777511,25,6912
1576783811,26,7168
1576788310,24,6656
1576806311,23,6400
1576837813,27,7424
1576856048,26,7680
1576863911,25,7424
1576888498,26,7680
1576913413,21,5888
1576946108,19,5376
1576949412,23,6400
1576984665,24,6656
1577017623,26,7168
1577033103,25,6400
1577035812,26,6656
1577043012,27,6912
1577046896,26,6656
1577053812,27,6912
1577061013,28,7168
1577075412,29,7424
1577103538,26,6656
1577107870,29,7424
1577123112,28,7168
1577136612,27,6912
1577147412,28,7168
1577165412,27,6912
1577190613,24,6144
1577194271,25,6400
1577197812,24,6144
1577205913,25,6400
1577208612,24,6912
1577219412,25,7168
1577280962,25,6656
1577288712,23,6144
1577295912,22,5888
1577305811,21,5632
1577309412,20,5376
1577322011,21,5632
1577360832,24,6400
1577363412,25,6656
1577367911,26,6912
1577381649,27,7168
1577397620,26,6912
1577410212,25,6656
1577449812,22,5632
1577454312,26,6656
1577464212,25,6400
1577495712,27,6912
1577537114,27,7168
1577544315,29,7680
1577557813,30,7936
1577563223,31,8192
1577631613,26,6656
1577645113,27,7168
1577652303,26,6912
1577663103,24,6400
1577666077,25,6656
1577698272,30,7936
1577707220,31,8192
1577721621,30,7936
1577734499,29,7680
1577740512,28,7424
1577778303,30,7936
1577782814,28,7168
1577789113,28,7168
1577804413,27,6912
1577823313,28,7168
1577828713,28,7168
1577853012,30,7680
1577860212,31,7936
1577863812,29,7424
1577867412,28,7168
1577874612,27,6912
1577889013,26,6656
1577914212,23,5888
1577925003,29,7424
1577926815,30,7680
1577939088,37,9728
1577941217,39,10240
1577942769,40,10496
1577950203,41,10752
1577953835,42,11008
1577961049,43,11264
1577964649,44,11520
1578008711,41,10752
1578026080,35,9216
1578029528,31,8192
1578043812,25,6656
1578048312,24,6400
1578054667,29,7424
1578062712,29,7424
1578076213,28,7168
1578084302,27,6912
1578141012,23,5888
1578148408,25,6400
1578155412,27,6912
1578169812,28,7168
1578187812,29,7424
1578231912,24,6144
1578239113,29,7424
1578241812,30,7680
1578252612,28,7168
1578261618,29,7424
1578270612,30,7680
1578313802,33,8448
1578317766,33,8704
1578321073,30,7936
1578324613,31,8192
1578339013,31,8192
1578342724,30,7936
1578358812,33,8704
1578389764,30,7936
1578396611,31,8192
1578411012,30,7936
1578415512,30,8192
1578444311,29,7936
1578465013,24,6656
1578483912,23,6400
1578491111,22,6144
1578501277,25,6912
1578506414,24,6656
1578573971,28,7680
1578577511,27,6912
1578599111,26,6656
1578610811,27,6912
1578656712,23,5888
1578663012,22,5632
1578670204,28,7168
1578689111,27,6912
1578699146,28,7168
1578705598,31,7936
1578735912,32,8192
1578743111,33,8448
1578756610,28,7168
1578760211,27,6912
1578765616,28,7168
1578778210,29,7424
1578779102,28,7168
1578786310,27,6912
1578789184,28,7168
1578825011,27,6912
1578833111,26,6656
1578843911,25,6400
1578847503,24,6144
1578865510,27,6912
1578872710,26,6656
1578876310,27,6912
1578922269,31,7936
1578940211,33,8448
1578948310,29,7424
1578976551,29,7680
1579005009,24,6400
1579012202,27,7424
1579027511,25,6912
1579034000,26,7168
1579095912,30,8192
1579106712,27,7168
1579113912,29,7680
1579121112,28,7424
1579129212,29,7680
1579149011,30,7936
1579194910,27,7168
1579203911,28,7424
1579221010,28,7424
1579259711,23,6144
1579283111,27,7424
1579302058,26,7168
1579355123,30,8192
1579368623,28,7424
1579377690,27,7168
1579447994,24,6144
1579455924,25,6400
1579482943,26,6656
1579527020,25,6400
1579534218,26,6656
1579567511,28,7168
1579603510,27,6912
1579620611,28,7168
1579635910,29,7424
1579653011,27,6912
1579690811,30,7680
1579707199,27,7168
1579711512,28,7424
1579723223,29,7936
1579763988,29,7936
1579767564,27,7168
1579788911,29,7680
1579800715,29,7680
1579810512,28,7424
1579842014,29,7680
1579858210,24,6400
1579878911,23,5888
1579885211,24,6144
1579915360,27,6912
1579929104,28,7168
1579967111,27,6912
1580015712,25,6400
1580039110,23,5888
1580067010,26,6656
1580105864,25,6400
1580135411,30,7680
1580139911,29,7424
1580175903,28,7168
1580188537,30,7680
1580200211,25,6400
1580222712,32,8192
1580239814,32,8192
1580257811,34,8704
1580264112,31,7936
1580297412,26,6656
1580309112,25,6400
1580319012,26,6656
1580327111,27,6912
1580358611,28,7168
1580386745,25,6400
1580401812,28,7168
1580414418,29,7424
1580437051,27,6912
1580444112,28,7168
1580481912,32,8192
1580488212,28,7168
1580493619,29,7424
1580538611,30,7680
